4.5552
1.0753
1.1282
0.8539
0.9763
1.6612
1.3313
0.1519
1.3571
1.0659
1.4344
10.3680
2.3449
2.1346
1.7259
3.4589
0.0594
7.6747
2.3920
0.5977
0.8932
2.4976
1.2031
0.4412
0.6623
0.1534
0.4982
0.1482
0.6985
5.5926
0.0217
0.7030
0.4488
3.1321
2.2045
1.7897
0.7281
2.1572
1.1820
0.1646
4.7591
1.2871
0.5929
1.0631
10.4297
8.0713
1.6873
0.2573
1.4099
1.7244
5.2258
5.0127
1.0116
1.4358
2.2394
4.4614
0.4026
1.8808
2.7101
1.3395
2.7338
5.3454
0.0229
0.5509
3.4280
0.8266
2.5077
2.0237
2.8173
0.3128
0.1967
0.3548
0.4123
0.0606
0.8407
3.5362
3.7972
1.2189
0.9680
3.6089
3.0226
3.1568
0.6722
0.0027
0.1976
1.3160
0.9459
0.9881
0.2163
18.2777
0.2957
0.8659
0.7293
0.4113
0.3807
2.8226
0.3048
2.4571
1.4896
6.6401
1.6657
5.5311
2.3754
1.6244
2.0366
0.1075
1.2511
2.7213
2.5696
1.5057
0.7167
0.9168
1.4533
1.9302
0.1817
3.7403
1.1260
1.3604
1.4472
1.2713
0.5792
0.2744
0.3941
1.2993
1.6837
0.5552
1.0055
0.3401
2.8557
2.5546
2.7904
1.4454
2.0793
0.9701
2.5706
5.7536
1.1862
0.8304
0.9974
4.8742
0.3751
1.4682
1.0845
6.4813
6.8130
0.9758
0.4952
0.4073
0.1296
4.6335
5.8184
1.1369
1.8749
2.2368
1.3091
0.5030
1.5284
0.2333
2.8887
1.3460
4.5271
2.5774
1.1533
0.7258
2.2909
0.1228
1.4165
1.9367
0.1484
4.8703
3.3597
0.6085
0.8585
3.6399
0.0587
0.5898
3.0547
1.8382
0.0417
0.9740
2.0833
1.5664
1.0893
0.7552
3.4798
0.2535
0.1978
2.5529
2.1947
0.0044
3.7597
3.6111
0.0180
0.4489
0.1592
0.4376
7.5930
2.4791
5.2269
0.3825
5.2323
4.2141
1.6424
2.0205
1.4336
5.9276
2.9287
2.0780
0.0437
1.3697
3.7015
2.8812
0.4342
2.4704
2.0957
1.2902
2.4301
1.6735
0.9904
0.5328
1.7336
1.5040
0.4857
0.0044
1.3530
7.2662
2.4260
2.0249
0.2451
4.3215
2.6516
1.3573
0.1283
2.3763
5.5695
0.5443
5.6958
0.4580
0.8280
1.6968
14.6731
2.9164
0.8287
3.9795
4.6827
6.3648
1.4579
2.2892
5.6616
1.6875
0.8728
0.6492
0.0944
0.0955
1.2360
0.1584
0.3905
2.1617
0.2809
3.2034
1.9118
0.0594
0.7419
1.4482
0.4249
0.4854
0.1946
1.4493
0.7823
0.7453
1.5728
0.2635
3.8287
0.0172
0.1389
0.6353
1.6252
1.4131
3.6176
0.8126
0.5989
3.6347
0.9520
2.1622
0.5655
0.1098
0.0424
0.8295
5.9099
1.1152
0.3105
1.3004
0.1479
0.9829
0.4397
2.6118
4.8869
0.8269
0.1216
0.4587
3.6819
0.9864
0.2022
1.2312
0.9296
3.5790
1.7443
3.7330
0.2665
2.6814
1.6355
0.4762
1.3835
1.0067
2.8963
4.3804
1.2558
4.1035
1.3921
0.9888
1.8066
4.6273
1.2338
1.0730
1.8308
2.2310
2.9079
4.0496
3.2744
3.7144
2.1411
3.0911
1.2072
1.9075
8.0250
0.4311
6.0052
0.8126
1.5537
0.4858
0.5932
3.0263
0.5246
3.1934
0.5015
0.8446
12.2953
0.4758
3.1553
1.3898
5.2509
0.2217
1.3756
3.7393
4.0826
1.7654
0.9606
1.8648
0.2847
1.1071
2.0521
4.8797
0.4702
0.1494
6.6475
0.0724
0.2927
1.8431
0.5678
5.0550
3.0419
0.7621
1.0987
0.6437
0.2964
1.1085
1.0200
0.3159
1.4304
3.4316
0.0401
0.6370
1.2539
2.4955
0.4420
0.6239
1.2249
1.9846
0.2715
1.0200
4.8086
2.2981
2.4953
1.5412
0.9180
0.3577
1.5984
2.2364
2.6580
1.8792
0.9655
1.9179
9.2581
1.4926
1.2229
0.0598
2.2333
0.8157
0.2919
0.3091
0.9752
4.2264
5.5039
0.9802
0.2377
1.4406
0.6792
0.5582
0.5456
1.8510
3.6764
0.2001
0.6263
7.1419
11.1268
0.7638
6.3574
0.7697
1.3113
4.1068
0.2459
4.4317
1.6748
0.4890
0.0743
0.9832
6.4111
3.7211
1.2953
3.3464
0.2349
2.2705
0.1334
0.5785
13.0737
1.1400
0.2439
10.5094
0.0799
0.1925
3.3634
2.4076
0.6058
4.4454
10.0639
1.2812
4.9545
0.8238
1.3904
0.4617
2.0370
0.8765
0.5101
3.5811
0.3906
0.8689
0.8856
3.0776
0.2098
0.0757
5.2729
1.8594
0.7306
1.6121
0.8558
1.0845
2.5021
3.2014
1.4242
2.2366
0.0009
1.7257
3.3051
0.9763
3.5119
0.8974
0.1367
0.5721
10.0176
0.8562
0.9866
0.2244
1.9811
1.1062
0.3610
1.6505
2.2334
1.5075
1.1405
2.8576
3.0806
3.1088
1.0116
0.0950
3.1491
0.8566
2.4290
0.7529
0.1417
1.8365
5.0940
1.2393
1.9721
0.5067
7.8100
1.4016
0.2565
0.5443
0.5184
1.6581
0.7350
2.8673
0.0432
1.2716
0.1140
0.0229
0.4594
0.1025
1.0814
0.2695
1.9903
3.1231
0.2473
0.0233
0.3007
5.0914
0.2742
0.0902
0.1628
2.9761
1.5734
3.2024
2.9244
2.2805
0.9937
3.5612
3.2591
3.5317
1.7305
2.0251
7.6985
1.6876
0.1902
0.5065
2.0309
1.8578
1.3897
1.8983
0.9759
0.8626
0.6613
0.6974
4.1318
1.6654
1.3434
0.2303
0.1627
1.9327
1.4131
4.1561
0.2520
0.2509
0.8106
1.1332
2.5055
1.5404
2.2882
3.7242
0.4210
1.3617
0.6334
4.7130
0.9781
5.1248
2.5242
2.1829
3.3613
4.0158
3.5557
0.6333
2.3050
2.6050
1.8450
5.0013
3.1177
0.7668
6.8434
6.3859
0.6891
7.1011
2.0121
0.4833
0.8474
0.7202
4.1044
0.2041
0.9214
0.3756
0.8734
2.3715
7.0575
4.6446
6.5837
3.0400
1.0860
1.3479
7.4958
1.2283
2.2995
0.4835
0.1955
2.1381
0.1164
4.1583
2.9992
3.8298
0.5767
1.2655
0.8500
4.1769
0.6743
0.1705
0.2287
1.0189
1.9357
0.9582
2.8872
3.5020
2.7328
0.0811
2.0170
4.6869
4.2976
2.1843
0.8958
1.1063
0.3173
1.1579
0.3861
6.2557
0.3808
1.1102
1.9138
1.0582
6.2079
5.5597
0.7733
7.6904
1.5962
0.8788
4.8137
2.3419
2.1252
4.8695
3.8798
4.2043
3.4752
0.0434
1.2953
1.1968
1.9911
1.4632
1.9506
1.7295
0.6726
0.0548
4.1724
0.9753
0.7022
2.4320
0.6417
2.2592
0.8791
1.3758
10.4689
0.0848
0.7049
0.7308
0.5916
0.0836
2.9094
2.2838
2.5835
2.1277
3.2961
0.3004
2.4990
5.7594
0.4667
3.8054
2.3071
1.4877
1.2088
0.5681
2.7490
5.6924
1.7779
2.6715
0.9844
1.7184
2.3848
1.5569
0.7055
0.0074
1.0895
1.4880
0.6639
0.9731
1.2646
4.6099
7.1264
2.4471
0.5801
2.8133
0.1521
6.4650
3.1073
0.3735
1.7233
2.9057
0.5480
1.9603
0.4172
1.5761
6.7070
0.8239
0.8922
1.9881
1.2135
0.8780
2.3341
2.3866
1.0873
3.0716
6.7204
2.8801
3.6191
8.3679
2.9662
1.0378
2.7015
1.0222
2.5052
4.3172
3.4691
5.4386
1.5968
1.1946
1.0246
0.7511
0.5038
2.8696
2.3036
8.3981
0.0350
2.3377
1.1262
1.4866
0.0735
3.0717
1.8897
3.7150
6.3506
0.2363
4.3417
2.0353
0.6778
1.6346
1.0206
1.9499
6.7194
0.4032
0.2510
2.3941
1.4831
0.5710
0.6575
2.1852
0.7422
0.0905
1.4364
1.2664
6.2412
0.2044
0.0348
3.3628
0.1237
1.2406
5.9176
3.7677
0.2379
1.4293
0.5192
0.5818
0.2018
1.5868
1.1011
0.8589
0.0116
3.4618
2.9241
0.1764
0.7518
3.0772
0.5512
2.0300
2.0864
5.4294
0.1437
3.7046
3.6910
0.2379
1.3997
0.3820
1.1901
1.3076
4.2499
1.7435
0.3311
3.3379
3.4082
1.1258
2.7307
0.6183
0.3734
0.6802
3.7893
2.8671
6.7233
2.1716
2.1212
0.9719
0.1576
1.1346
0.1454
2.6680
1.4214
2.7861
0.3764
1.9262
3.2332
2.0793
0.3501
1.2854
0.2432
0.1644
0.2166
0.7250
0.2769
0.2436
0.0125
0.6135
1.5711
0.4007
1.1964
2.1378
0.9772
2.9204
1.7042
0.4127
1.6705
6.5123
0.0781
1.2906
1.7174
1.0735
1.1312
2.8978
3.4657
0.6216
1.4785
0.2344
3.3579
1.0498
2.3702
0.5601
0.9867
0.6150
2.5403
1.8200
1.4568
0.3815
0.5765
3.0489
1.1849
0.3730
1.0312
0.6021
5.0664
5.9996
0.1986
2.7811
2.7251
11.4336
0.0229
1.5018
3.0976
0.2857
0.3245
2.9808
0.5149
1.7388
2.1399
3.4949
1.9947
1.5787
2.9177
2.5893
4.1399
2.6724
5.6755
1.7596
2.6995
8.9337
2.8615
1.1090
0.1718
4.9636
7.8934
5.2990
0.8021
3.6470
0.6922
3.0826
3.0971
3.2078
2.4725
2.5572
2.4709
1.2992
0.5371
1.7415
7.5874
0.6736
1.8130
6.9155
6.6143
1.5762
0.1747
0.4910
3.2810
0.5630
0.1577
0.9155
1.1647
1.3802
0.1057
4.0533
1.7249
0.1716
7.4941
0.8402
3.8116
1.5344
0.7926
0.5060
0.1053
0.0364
3.2505
0.4911
0.5413
0.2406
5.0028
3.1768
1.3722
1.5086
2.1341
1.4196
1.0371
0.1396
0.9652
2.3164
1.0445
2.2916
1.0392
0.4723
9.3491
0.4826
1.1192
0.7918
3.2830
0.0385
1.2184
2.1331
1.9375
0.2748
1.1498
10.5046
0.5412
0.1317
