2.3841
-0.6316
-0.3885
3.6375
0.3082
0.9080
0.2231
1.6740
-0.5856
-1.3641
-0.0772
2.7347
0.7239
1.8707
-0.6687
-0.0162
0.3965
0.9880
0.6336
-0.1668
-0.2483
1.3068
1.3923
0.2740
1.9194
-0.2094
0.0765
0.3328
0.1730
-0.0487
-1.5472
0.2486
-0.0494
0.5124
-0.9002
1.0594
0.2165
0.9717
-0.3259
1.8940
0.3046
-0.7146
3.9109
0.4703
2.7304
-0.7894
-0.0666
-0.5999
-0.8182
-0.6489
1.3934
1.0736
-0.4554
0.2723
1.8603
0.7946
1.6109
-0.0649
-0.8314
-0.1587
-0.4608
0.6696
0.1872
1.5360
0.7313
0.5009
1.4234
-0.3123
-1.0294
3.2961
-1.4864
-0.4333
0.0272
1.2432
-0.7476
2.0576
-0.0937
-0.1355
1.4026
-0.0152
-0.0428
1.9945
-1.2973
2.4713
0.2107
-1.0511
-0.4260
-0.7527
1.0016
-0.1890
-0.8202
1.3695
-0.0620
0.2297
1.0015
-0.1331
1.6435
1.0775
-0.4603
0.9348
