-1.4792
1.6750
-0.4334
2.5821
-0.2597
1.7438
0.4514
-1.2688
1.0985
0.4076
0.9692
0.4790
-0.2824
1.9386
2.6837
0.0064
3.2544
0.2908
3.1130
0.5687
-0.5243
2.7874
0.4331
-0.4894
-0.0614
-0.2418
0.8766
0.3720
0.1196
0.7430
1.4543
2.3979
1.1716
-0.1839
0.8422
0.5433
1.4969
0.8314
1.6901
0.9943
5.9683
1.8383
0.4875
1.6252
-0.8549
0.2017
-1.0924
0.4106
1.7505
0.9035
-0.7838
-0.8225
-1.4100
0.5177
3.1336
0.5452
-1.3547
-0.2188
-0.9977
0.0122
0.8106
3.6644
0.0508
-0.1842
0.9931
2.0941
1.0438
-0.9377
0.3042
-0.9860
3.1793
2.2535
0.2340
-0.1790
0.0322
-1.3517
1.6102
-0.6928
-1.2951
2.5498
0.0628
0.5868
1.1491
-1.2349
1.5094
0.6810
-0.1026
1.5364
0.5224
0.1609
0.3620
1.2290
2.0220
-0.1824
0.2056
-0.2615
0.3710
0.8082
1.3393
-0.8493
-0.5361
-0.2985
0.7016
-0.3538
-0.2166
0.4174
-0.7049
-0.3855
-0.2439
-0.6742
1.0299
2.4826
-0.0845
0.0396
1.9831
-0.0629
-0.8101
-0.7979
1.4630
0.7264
-0.9336
1.3548
-1.5145
-0.4114
1.1158
0.5621
0.2519
0.5161
0.8577
2.9142
-0.0737
0.0731
-0.4163
-0.4171
-1.0384
0.2529
-0.6980
0.5453
1.2365
-0.2868
2.0213
-0.2652
1.5285
0.2727
1.0066
0.6879
0.9730
1.0757
-1.0232
2.5509
-1.3785
0.9768
0.3176
0.9584
0.1486
0.4521
0.2552
-0.5374
-0.0658
-0.5234
1.7394
0.0346
-0.3275
-0.1867
2.3214
-0.0296
-0.6539
1.3474
-1.4348
0.3495
-0.5910
1.1093
0.3962
2.9415
0.7345
4.0214
0.6156
-0.3344
-0.5213
0.1674
0.2889
0.9503
-0.3110
0.1101
3.4992
-1.0902
0.7545
-0.8567
0.1285
2.8118
3.3402
0.7036
0.6188
-0.4120
0.0523
-1.5404
2.1434
-0.5049
-0.4983
-0.3326
0.9290
0.4463
1.6408
-0.3584
0.0175
1.0634
1.0706
-0.5851
1.9703
3.4729
2.1757
-1.5975
-0.7155
1.7734
0.1690
-0.1514
-0.7279
1.3729
0.7514
-1.4432
-0.2893
-0.1267
1.8445
0.2124
0.9898
1.9797
-0.3516
1.1811
-0.1612
3.0152
0.4806
0.0556
0.0560
-1.3465
0.0348
-0.0415
0.8047
-0.4343
1.1839
4.4303
-0.1712
2.5632
1.9763
0.7299
-0.6161
-1.0606
0.9167
1.1170
1.2686
-0.8738
5.4058
0.1991
0.3721
1.1453
0.9788
1.5103
0.5101
0.7748
1.3047
0.6323
2.2651
0.3513
0.1493
0.0136
1.6575
3.0406
0.2992
-0.5568
2.3692
0.8931
0.0183
-0.7852
5.2275
-0.1562
1.4861
0.0395
-0.1524
0.2653
-0.2705
-0.6677
-0.6186
1.8810
-0.3780
3.1973
-0.8117
0.7351
-0.5819
-0.1700
0.7717
-0.8312
1.2440
4.2198
0.4854
-1.1456
-0.1867
0.6568
0.8370
0.5369
0.5233
1.8043
1.3575
0.3691
0.0979
0.0069
-0.0563
2.9995
0.7007
0.4295
2.0917
-0.5971
-0.5169
0.7575
1.8889
0.8333
0.7223
0.5719
-0.0048
-0.6040
1.4597
-0.2347
-0.5491
3.9110
-0.3031
2.3590
1.2798
0.5976
-0.6889
3.0761
0.5767
2.5974
-0.4204
-1.0099
1.0394
1.7915
-0.2901
-0.1968
-0.8819
0.0484
-0.1162
0.4563
-0.2453
3.2351
1.5003
-0.3639
0.7041
1.4608
0.9051
2.8860
1.3433
0.9410
2.5173
0.5178
0.0887
-0.8038
-0.9578
-0.5445
0.4785
-0.2842
-0.0341
-0.9331
0.7234
0.4474
1.4371
1.7062
0.8681
0.8690
0.2608
-0.9869
-0.0798
1.3578
2.5217
-0.9067
0.2485
-0.1377
0.2170
-0.8284
-0.4566
1.8250
0.3338
0.0389
-0.4545
0.2539
0.8537
-1.1856
-0.6909
0.8734
0.1474
4.5159
-0.5722
-0.3642
-0.6631
1.6446
-0.1559
0.5373
0.9088
-0.1096
-1.0109
-0.2601
1.0414
-0.1007
-0.1276
-0.0603
-0.8066
0.5474
0.1847
-0.6345
0.9693
2.6735
0.0330
4.7766
0.2671
0.0933
-0.4766
0.5092
0.3506
0.8153
1.7657
0.0693
-1.6168
2.2721
-0.0122
-0.4569
0.3434
0.6603
2.0332
0.6489
1.9429
-0.9655
-1.5060
-0.7331
-0.9628
5.4233
2.7074
3.5883
2.3472
3.9026
-1.5955
1.0688
0.7219
-0.0608
0.0194
-0.5833
-0.1610
1.2667
2.0157
-0.6644
-0.8052
-0.4422
2.0901
1.2171
3.8062
5.3515
2.2462
-1.1566
1.4836
2.0994
0.1465
-1.2174
-0.1580
1.3560
1.3385
2.8794
1.1813
-0.4960
-0.9743
2.3022
0.3346
0.0350
1.1182
1.0306
8.4707
-0.5522
2.4864
0.7042
-1.0021
1.1681
-1.0342
0.3088
2.9594
-0.7740
-0.7440
3.5660
-0.4365
-1.6994
0.0812
-0.4449
-0.3665
-0.7660
0.6067
1.1338
0.0478
0.2646
-0.1303
-0.7166
1.9173
0.7678
3.9540
1.3363
0.6566
0.9293
0.4443
-0.9032
1.3453
0.6277
-0.8787
-0.6093
-0.2088
1.6115
4.6192
0.6367
-0.3764
-0.6455
-1.0191
0.9246
-0.1687
1.0365
-0.5932
3.9405
1.7103
2.0015
0.9890
-1.0069
1.6051
0.8507
0.2805
-0.1024
0.1500
1.4242
0.2919
-0.3123
0.0719
1.4605
0.0317
-0.2046
2.5867
-0.1548
0.5991
-0.2117
-0.0746
-0.4100
-0.4008
0.0774
3.0495
1.6512
0.4165
-0.8028
0.5771
0.2280
-0.0746
0.1649
2.2107
1.2346
-0.3388
0.7436
2.6579
-0.0227
-0.5797
-0.2157
2.1259
5.1322
0.3390
-0.4367
2.7524
0.7347
3.1958
1.7909
-0.6760
0.1288
1.0714
4.5439
0.1668
0.6813
-1.0309
-1.0923
1.9599
2.1271
0.3038
-0.2134
1.5833
2.2568
0.0333
2.2874
-1.1532
0.8305
-0.0250
3.8954
-0.7367
0.3896
0.4573
0.2668
-0.6343
2.3681
2.2357
-1.0156
2.1010
6.9782
3.1067
-0.6271
2.5421
3.1880
-0.1594
-0.1773
-0.4039
0.0868
-0.4460
0.8554
0.9457
1.1044
-0.3581
1.1345
-1.0279
0.7783
3.0836
-0.7253
-1.2554
-1.4816
1.8551
-0.2283
1.4809
3.0204
0.1648
-0.1302
0.1858
-0.9699
1.3273
0.0593
1.8236
-0.0653
0.8704
-0.3553
1.2213
0.8482
3.0468
0.2829
1.4945
1.6872
-0.1528
0.1030
-0.4275
0.7409
-0.4471
1.1254
-0.4663
-0.2607
-0.4496
1.4108
-0.7646
2.2798
2.7748
0.7695
0.0676
1.0399
3.3074
2.1526
0.7408
1.4155
-1.1828
0.3335
1.3618
1.2230
1.5089
0.3961
1.4390
-0.3120
-0.8957
-0.1348
0.2296
-0.0851
0.0528
-0.4406
0.3312
0.7729
1.8434
1.5569
1.2247
-0.7433
1.8037
-0.6764
2.7117
-0.2459
-0.0136
-0.1774
1.6094
0.7860
-0.9661
0.6776
-0.8606
1.2097
0.2309
-0.7250
0.7057
-1.3551
-0.1648
-0.3755
2.1202
1.5322
-0.2459
-0.5269
-1.1374
-0.9486
0.4989
-0.1411
-0.7047
1.8254
0.4182
3.2927
2.1361
1.2642
-1.1406
1.2730
-1.4767
-0.1258
-0.3732
0.0626
-1.1939
0.7258
-0.1243
-0.6497
-0.9271
0.0843
2.5773
-0.9012
2.8933
-1.5015
-0.1533
1.0486
1.8038
1.1611
0.4640
0.4447
-0.1176
-0.4229
0.3233
-1.9257
-0.5094
8.3752
2.5972
0.7490
1.2996
0.0395
-1.0127
0.5207
-1.5769
-0.9647
0.1376
1.5688
0.5168
-0.1796
0.3163
2.2687
1.1814
0.1619
1.1209
0.1566
1.2733
-0.1895
-0.4742
0.7747
0.1422
-0.0149
-0.4020
0.2563
-0.6581
-0.6738
0.2306
-1.1442
3.6647
2.1707
0.3042
0.9298
-0.6542
0.5506
0.3904
-0.1188
0.3879
0.1366
3.1897
0.1981
-0.0593
0.8870
-0.2565
0.4099
-0.3265
2.5431
0.9453
1.7785
0.6558
-0.5483
-0.0107
0.6491
0.6253
-0.6619
1.5681
0.4063
2.1720
1.6594
0.6809
-1.1504
-0.7582
1.0084
0.7625
-0.8263
2.1620
1.2035
1.0120
0.3774
0.0415
-0.1241
-0.5423
2.8301
0.8727
4.8589
-0.2909
1.4151
2.3292
2.1614
-0.2251
-0.0746
0.9676
0.3082
1.6678
1.6894
-0.3722
-0.9826
-1.2435
0.6427
0.0670
0.0887
1.1608
-0.5694
-0.6037
-1.0186
1.2364
0.6961
0.3032
2.5041
-0.7185
-1.4321
1.0196
-0.5867
1.5275
1.2978
-1.8600
-0.4190
-0.3339
4.4063
-1.1415
0.3647
1.1308
1.7773
3.8779
-1.0386
0.8790
-0.2414
1.4317
0.7235
-1.7801
-0.0277
0.2634
-0.1781
0.6430
1.3547
-0.7252
0.9362
2.8250
-1.7144
-0.5625
-0.0010
0.4937
0.5898
-0.7598
0.0086
-0.9576
0.1190
-0.7477
-0.9894
-0.7238
1.9491
0.6312
-0.9403
3.5861
2.0819
0.8976
-0.8580
-1.1090
1.6771
-1.0261
0.4734
0.6034
-0.3172
0.3163
-0.2124
0.1518
3.0727
0.9814
0.3333
0.1020
3.1547
1.5906
-0.9336
0.2132
-0.3218
0.0978
-0.3784
-0.2306
-0.3152
-0.9096
-0.8895
1.1936
0.5377
-0.1822
2.3609
3.2847
-1.3960
3.1804
-0.5336
-1.2200
2.0132
0.5508
-0.5623
-0.3638
-1.3040
-0.0713
1.0903
-0.0638
-0.3486
0.9276
1.6288
1.1315
1.8870
4.0051
0.3401
0.8551
0.2437
0.2482
1.6720
0.1024
2.0500
1.7609
-0.4514
3.3201
-1.1704
1.9020
-0.1294
0.8982
2.3587
2.3952
0.1477
0.6413
0.3091
-0.3103
1.5184
-0.1227
0.4465
-0.6763
1.8817
0.4616
0.8304
1.9677
-0.0068
0.9466
1.4179
0.5208
1.4318
0.6777
-0.0166
-0.4664
0.1911
0.5003
1.2332
3.4390
-1.2302
2.3586
1.2517
0.0638
3.1030
1.1313
-1.1447
0.5158
0.4175
-0.8008
0.2402
-0.9861
-0.6002
3.4318
0.8448
-0.2766
-0.9860
0.0663
2.7593
-0.2449
7.7132
1.2670
-0.5175
-0.1625
3.1515
0.9581
0.9760
1.3867
0.4469
